150012
150016
150018
150022
150028
150030
150032
150036
150039
150047
150049
150051
150053
150055
150057
150059
150064
150066
150073
150076
150083
150085
150088
150090
150092
150094
150096
150100
150104
150106
150108
150112
150117
150121
150123
150130
150133
150135
150138
150140
150143
150145
150148
150150
150152
150157
150164
150167
150169
150171
150173
150175
150177
150179
150181
150184
150186
150188
150190
150192
150194
150196
150198
150200
150203
150205
150207
150209
150211
150213
150215
150217
150219
150221
150223
150225
150227
150229
150231
150233
150235
150237
150241
150243
150245
150247
150249
150251
150255
150257
150259
150261
150263
150265
150267
150269
150271
150273
150275
150277
150279
150281
150283
150287
150289
150291
150293
150295
150297
150299
150301
150303
150305
150307
150309
150311
150315
150317
150321
150323
150325
150327
150329
150331
150335
150343
502001
502004
502007
502011
502014
502017
502021
502024
502027
502031
502037
502041
502049
502054
502057
