150013
150017
150019
150023
150029
150031
150033
150037
150040
150048
150050
150052
150054
150056
150058
150060
150065
150067
150075
150077
150084
150086
150089
150091
150093
150095
150097
150101
150105
150107
150109
150113
150118
150122
150124
150131
150134
150136
150139
150141
150144
150146
150149
150151
150153
150158
150165
150168
150170
150172
150174
150176
150178
150180
150182
150185
150187
150189
150191
150193
150195
150197
150199
150201
150204
150206
150208
150210
150212
150214
150216
150218
150220
150222
150224
150226
150228
150230
150232
150234
150236
150238
150242
150244
150246
150248
150250
150252
150256
150258
150260
150262
150264
150266
150268
150270
150272
150274
150276
150278
150280
150282
150284
150288
150290
150292
150294
150296
150298
150300
150302
150304
150306
150308
150310
150312
150316
150318
150322
150324
150326
150328
150330
150332
150336
150344
502002
502005
502008
502012
502015
502018
502022
502025
502028
502032
502038
502042
502050
502055
502058
