399903
399300
399004
399001
399905
000971
399923
399300
399923
399942
399942
399300
399905
399905
399008
399944
399904
399481
399958
399300
399330
399005
399905
399958
399007
000966
000979
000805
399300
399005
399632
399330
399393
399918
399550
399394
000833
399903
000842
399300
000832
000828
000841
000823
399006
000974
000832
399300
HSI
399707
000998
HSCEI
399966
399935
399967
000827
399967
000832
000827
399965
399970
399395
399396
399975
399971
399973
399983
399974
399976
399958
399610
399412
000001
399959
399975
399966
399986
399987
399811
399810
399975
000827
399986
399006
399970
399971
399986
399990
399986
399993
399992
399989
000852
399991
399986
399997
399441
399991
399991
399807
399808
399934
000808
399440
399998
399986
399807
399974
000001
399986
399975
399673
399812
399804
399994
399996
399803
399805
399998
000827
399807
399808
399809
399805
399967
399975
399982
399967
399974
399975
000853
399991
000016
399440
399429
399807
399805
000016
000016
399975
399989
