162509
163406
161812
163109
165511
161816
160718
165310
166010
161818
160127
165515
162216
164809
162010
161819
160808
160217
163209
166802
162714
163111
162107
161910
165707
162907
161715
160620
160417
161118
160809
164811
160218
161507
165312
160219
167701
164508
161825
167601
161826
161718
165519
165520
161022
165521
165809
161811
164705
163113
165522
161831
160625
160626
161024
163114
163115
161719
164304
160628
161025
160221
160222
161720
160629
160630
161721
161026
161028
161223
160224
164905
164401
164402
161027
160516
160631
160632
163116
163117
160633
160634
161029
160637
160636
164818
161723
161724
161121
161122
161123
162412
162413
168201
160517
161725
161726
160638
167503
160639
160640
160814
163118
168203
168204
168205
160135
160136
160137
160418
160419
160420
168001
161030
165523
165524
161031
164907
161032
164819
164820
164821
167301
165315
161628
161629
502000
502003
502006
502010
502013
502016
502020
502023
502026
502030
502036
502040
502048
502053
502056
